,-58
0,-78
1,-83
2,-69
3,-31
4,-4
5,10
6,9
7,1
8,-10
9,-22
10,-34
11,-48
12,-54
13,-46
14,-39
15,-36
16,-30
17,-16
18,-1
19,20
20,38
21,44
22,25
23,8
24,-16
25,-33
26,-45
27,-46
28,-45
29,-54
30,-51
31,-53
32,-56
33,-46
34,-23
35,7
36,27
37,41
38,34
39,19
40,3
41,-9
42,-21
43,-27
44,-18
45,-5
46,1
47,-6
48,-11
49,-21
50,-25
51,-27
52,-29
53,-41
54,-45
55,-38
56,-31
57,-20
58,-3
59,16
60,35
61,49
62,60
63,50
64,36
65,20
66,0
67,-29
68,-54
69,-64
70,-66
71,-43
72,-8
73,15
74,14
75,10
76,7
77,2
78,1
79,-16
80,-26
81,-44
82,-51
83,-46
84,-44
85,-35
86,-15
87,11
88,31
89,46
90,42
91,30
92,21
93,20
94,30
95,35
96,44
97,32
98,13
99,0
100,-2
101,10
102,13
103,32
104,33
105,25
106,25
107,39
108,50
109,45
110,25
111,-5
112,-25
113,-38
114,-43
115,-48
116,-47
117,-33
118,-13
119,6
120,27
121,51
122,61
123,71
124,77
125,71
126,71
127,49
128,6
129,-29
130,-72
131,-98
132,-106
133,-98
134,-69
135,-22
136,27
137,54
138,61
139,64
140,62
141,43
142,11
143,-26
144,-72
145,-106
146,-127
147,-137
148,-129
149,-98
150,-61
151,-19
152,15
153,46
154,70
155,64
156,57
157,30
158,-11
159,-59
160,-107
161,-149
162,-173
163,-158
164,-125
165,-81
166,-36
167,8
168,38
169,50
170,57
171,44
172,23
173,-2
174,-10
175,-21
176,-27
177,-32
178,-40
179,-41
180,-15
181,26
182,65
183,87
184,96
185,91
186,67
187,35
188,6
189,-32
190,-57
191,-76
192,-81
193,-73
194,-45
195,2
196,55
197,110
198,151
199,162
200,137
201,92
202,41
203,-15
204,-62
205,-102
206,-133
207,-157
208,-153
209,-128
210,-89
211,-40
212,19
213,75
214,117
215,151
216,154
217,124
218,70
219,6
220,-46
221,-82
222,-90
223,-79
224,-46
225,3
226,54
227,98
228,125
229,143
230,136
231,113
232,75
233,40
234,-5
235,-45
236,-70
237,-88
238,-97
239,-94
240,-69
241,-24
242,32
243,92
244,110
245,88
246,41
247,-6
248,-49
249,-78
250,-97
251,-100
252,-96
253,-80
254,-51
255,-24
256,-2
257,23
258,32
259,21
260,7
261,-18
262,-56
263,-85
264,-106
265,-123
266,-139
267,-142
268,-133
269,-120
270,-104
271,-95
272,-92
273,-94
274,-92
275,-100
276,-117
277,-141
278,-154
279,-163
280,-172
281,-167
282,-162
283,-156
284,-144
285,-130
286,-120
287,-107
288,-75
289,-55
290,-33
291,-34
292,-43
293,-75
294,-117
295,-155
296,-189
297,-210
298,-211
299,-184
300,-144
301,-95
302,-40
303,5
304,21
305,15
306,-3
307,-26
308,-44
309,-55
310,-71
311,-80
312,-87
313,-75
314,-67
315,-50
316,-29
317,-21
318,-11
319,-19
320,-9
321,-5
322,8
323,25
324,35
325,42
326,54
327,68
328,68
329,64
330,45
331,30
332,4
333,-13
334,-28
335,-45
336,-37
337,-19
338,-2
339,4
340,17
341,17
342,22
343,28
344,50
345,70
346,74
347,69
348,43
349,20
350,11
351,27
352,49
353,69
354,91
355,98
356,90
357,83
358,79
359,69
360,54
361,41
362,18
363,1
364,-11
365,-3
366,5
367,30
368,53
369,69
370,74
371,69
372,63
373,42
374,18
375,4
376,-9
377,-18
378,-32
379,-36
380,-43
381,-28
382,-9
383,11
384,17
385,21
386,25
387,30
388,30
389,20
390,4
391,-20
392,-43
393,-59
394,-67
395,-60
396,-30
397,7
398,33
399,56
400,54
401,39
402,27
403,18
404,7
405,-12
406,-29
407,-39
408,-34
409,-11
410,24
411,61
412,91
413,119
414,144
415,165
416,180
417,177
418,144
419,97
420,52
421,9
422,-5
423,-2
424,23
425,45
426,69
427,89
428,94
429,77
430,44
431,28
432,27
433,55
434,89
435,113
436,96
437,69
438,35
439,-1
440,-22
441,-32
442,-23
443,-13
444,11
445,42
446,65
447,90
448,106
449,113
450,97
451,82
452,58
453,28
454,1
455,-21
456,-26
457,-26
458,-4
459,10
460,18
461,21
462,30
463,43
464,44
465,50
466,43
467,29
468,8
469,-15
470,-35
471,-45
472,-28
473,-14
474,7
475,37
476,72
477,96
478,101
479,96
480,82
481,66
482,48
483,29
484,-7
485,-52
486,-86
487,-108
488,-110
489,-85
490,-56
491,-34
492,-25
493,-17
494,3
495,26
496,41
497,50
498,23
499,-1
500,-26
501,-36
502,-52
503,-56
504,-42
505,-27
506,-7
507,9
508,18
509,32
510,68
511,97
512,101
513,81
514,55
515,41
516,22
517,2
518,-26
519,-41
520,-40
521,-17
522,12
523,34
524,61
525,74
526,79
527,70
528,51
529,22
530,-23
531,-57
532,-86
533,-101
534,-91
535,-64
536,-39
537,-24
538,-3
539,5
540,4
541,-2
542,-10
543,-23
544,-28
545,-28
546,-26
547,-22
548,-18
549,-13
550,-14
551,0
552,22
553,47
554,49
555,39
556,15
557,-9
558,-25
559,-19
560,-5
561,5
562,4
563,-4
564,-29
565,-37
566,-27
567,-12
568,-10
569,-13
570,-19
571,-24
572,-19
573,-9
574,6
575,19
576,36
577,46
578,41
579,27
580,27
581,35
582,33
583,21
584,-9
585,-45
586,-68
587,-67
588,-50
589,-33
590,-15
591,-2
592,14
593,35
594,63
595,78
596,62
597,30
598,-24
599,-81
600,-118
601,-116
602,-100
603,-67
604,-29
605,9
606,37
607,53
608,63
609,51
610,30
611,-15
612,-71
613,-130
614,-173
615,-168
616,-152
617,-112
618,-67
619,-28
620,-4
621,19
622,36
623,34
624,21
625,-13
626,-51
627,-99
628,-139
629,-163
630,-176
631,-170
632,-150
633,-120
634,-85
635,-47
636,-16
637,13
638,30
639,29
640,5
641,-48
642,-90
643,-119
644,-125
645,-116
646,-86
647,-58
648,-38
649,-21
650,-19
651,-17
652,-7
653,7
654,1
655,-26
656,-60
657,-90
658,-105
659,-103
660,-84
661,-66
662,-53
663,-36
664,-17
665,-3
666,9
667,22
668,19
669,18
670,5
671,-16
672,-47
673,-81
674,-95
675,-103
676,-95
677,-77
678,-62
679,-52
680,-35
681,1
682,42
683,78
684,96
685,82
686,29
687,-25
688,-70
689,-98
690,-91
691,-66
692,-43
693,-35
694,-30
695,-25
696,-8
697,9
698,34
699,65
700,81
701,87
702,52
703,-1
704,-55
705,-89
706,-102
707,-101
708,-75
709,-50
710,-27
711,-1
712,14
713,29
714,33
715,48
716,56
717,48
718,22
719,-10
720,-40
721,-51
722,-45
723,-35
724,-11
725,13
726,36
727,42
728,40
729,30
730,40
731,57
732,70
733,70
734,37
735,2
736,-16
737,-29
738,-40
739,-43
740,-29
741,-15
742,7
743,30
744,46
745,49
746,44
747,31
748,12
749,-1
750,-16
751,-26
752,-44
753,-50
754,-56
755,-54
756,-35
757,-9
758,25
759,46
760,64
761,63
762,47
763,7
764,-33
765,-75
766,-98
767,-94
768,-88
769,-74
770,-58
771,-23
772,10
773,42
774,68
775,74
776,57
777,27
778,-1
779,-21
780,-33
781,-30
782,-27
783,-17
784,-9
785,12
786,23
787,31
788,28
789,11
790,-11
791,-30
792,-39
793,-43
794,-34
795,-9
796,8
797,16
798,22
799,25
800,26
801,34
802,41
803,28
804,2
805,-18
806,-25
807,-21
808,-15
809,-2
810,3
811,-3
812,-7
813,-1
814,15
815,45
816,72
817,83
818,71
819,55
820,25
821,-4
822,-20
823,-24
824,-15
825,-13
826,-7
827,0
828,8
829,31
830,58
831,66
832,42
833,15
834,-15
835,-25
836,-23
837,-22
838,-21
839,-12
840,20
841,54
842,82
843,95
844,104
845,92
846,60
847,25
848,-2
849,-7
850,10
851,31
852,24
853,16
854,18
855,36
856,54
857,63
858,64
859,59
860,54
861,39
862,-6
863,-65
864,-100
865,-96
866,-83
867,-61
868,-34
869,4
870,41
871,75
872,88
873,78
874,64
875,66
876,71
877,58
878,36
879,-5
880,-39
881,-50
882,-41
883,-29
884,-24
885,-3
886,39
887,83
888,127
889,148
890,131
891,86
892,33
893,-25
894,-70
895,-94
896,-93
897,-84
898,-73
899,-60
900,-49
901,-40
902,-36
903,-32
904,-28
905,-13
906,20
907,50
908,69
909,61
910,35
911,-20
912,-72
913,-111
914,-134
915,-150
916,-153
917,-137
918,-116
919,-75
920,-30
921,13
922,43
923,56
924,60
925,45
926,23
927,-3
928,-26
929,-61
930,-80
931,-93
932,-107
933,-106
934,-91
935,-60
936,-22
937,26
938,67
939,82
940,72
941,46
942,10
943,-27
944,-46
945,-66
946,-76
947,-84
948,-83
949,-85
950,-76
951,-44
952,-2
953,37
954,64
955,73
956,51
957,14
958,-11
959,-27
960,-31
961,-31
962,-23
963,-26
964,-30
965,-17
966,1
967,22
968,26
969,24
970,4
971,-5
972,-14
973,-19
974,-26
975,-26
976,-17
977,-9
978,-4
979,7
980,15
981,17
982,22
983,24
984,17
985,6
986,-5
987,-18
988,-26
989,-26
990,-25
991,-33
992,-30
993,-9
994,27
995,50
996,68
997,63
998,40
999,12
1000,-13
1001,-32
1002,-41
1003,-30
1004,-21
1005,-12
1006,5
1007,39
1008,83
1009,114
1010,123
1011,94
1012,47
1013,4
1014,-25
1015,-42
1016,-44
1017,-28
1018,-14
1019,-4
1020,-2
1021,12
1022,20
1023,26
1024,31
1025,22
1026,20
1027,29
1028,51
1029,74
1030,91
1031,104
1032,99
1033,84
1034,65
1035,63
1036,52
1037,42
1038,22
1039,2
1040,-13
1041,-23
1042,-17
1043,-13
1044,0
1045,17
1046,37
1047,46
1048,54
1049,53
1050,37
1051,19
1052,16
1053,16
1054,13
1055,15
1056,18
1057,22
1058,35
1059,42
1060,40
1061,28
1062,30
1063,39
1064,51
1065,67
1066,80
1067,85
1068,66
1069,34
1070,-10
1071,-53
1072,-72
1073,-74
1074,-64
1075,-53
1076,-25
1077,-1
1078,12
1079,16
1080,22
1081,31
1082,45
1083,70
1084,78
1085,64
1086,25
1087,-22
1088,-62
1089,-78
1090,-64
1091,-39
1092,-14
1093,-4
1094,7
1095,-4
1096,-1
1097,15
1098,25
1099,23
1100,8
1101,-9
1102,-40
1103,-50
1104,-45
1105,-38
1106,-38
1107,-48
1108,-48
1109,-51
1110,-46
1111,-43
1112,-39
1113,-44
1114,-46
1115,-59
1116,-76
1117,-89
1118,-86
1119,-69
1120,-50
1121,-19
1122,-11
1123,-19
1124,-25
1125,-33
1126,-37
1127,-51
1128,-55
1129,-60
1130,-56
1131,-36
1132,-1
1133,31
1134,43
1135,53
1136,47
1137,38
1138,32
1139,22
1140,-1
1141,-47
1142,-87
1143,-114
1144,-121
1145,-111
1146,-81
1147,-42
1148,13
1149,72
1150,106
1151,110
1152,90
1153,77
1154,56
1155,44
1156,33
1157,26
1158,21
1159,27
1160,42
1161,49
1162,65
1163,76
1164,90
1165,90
1166,89
1167,73
1168,31
1169,-10
1170,-47
1171,-55
1172,-53
1173,-32
1174,-4
1175,24
1176,59
1177,99
1178,124
1179,127
1180,123
1181,116
1182,105
1183,79
1184,41
1185,-9
1186,-55
1187,-72
1188,-71
1189,-54
1190,-31
1191,-1
1192,34
1193,64
1194,97
1195,103
1196,94
1197,73
1198,48
1199,16
1200,-15
1201,-34
1202,-40
1203,-41
1204,-37
1205,-24
1206,-8
1207,8
1208,29
1209,39
1210,52
1211,64
1212,73
1213,58
1214,29
1215,-4
1216,-35
1217,-62
1218,-84
1219,-92
1220,-92
1221,-67
1222,-30
1223,7
1224,31
1225,56
1226,76
1227,80
1228,76
1229,65
1230,49
1231,25
1232,-7
1233,-38
1234,-67
1235,-87
1236,-102
1237,-103
1238,-90
1239,-38
1240,18
1241,58
1242,83
1243,88
1244,82
1245,60
1246,37
1247,1
1248,-33
1249,-63
1250,-71
1251,-71
1252,-68
1253,-47
1254,-26
1255,-7
1256,8
1257,33
1258,59
1259,73
1260,76
1261,44
1262,4
1263,-41
1264,-61
1265,-63
1266,-50
1267,-20
1268,0
1269,12
1270,17
1271,31
1272,40
1273,63
1274,82
1275,75
1276,38
1277,-19
1278,-67
1279,-100
1280,-102
1281,-84
1282,-56
1283,-33
1284,-11
1285,10
1286,25
1287,22
1288,22
1289,13
1290,1
1291,-27
1292,-66
1293,-105
1294,-109
1295,-74
1296,-25
1297,15
1298,40
1299,54
1300,50
1301,45
1302,41
1303,38
1304,28
1305,9
1306,-20
1307,-56
1308,-78
1309,-82
1310,-65
1311,-41
1312,-7
1313,20
1314,42
1315,68
1316,97
1317,121
1318,123
1319,110
1320,79
1321,36
1322,-5
1323,-31
1324,-45
1325,-46
1326,-31
1327,-21
1328,-17
1329,-13
1330,-3
1331,10
1332,44
1333,81
1334,94
1335,88
1336,71
1337,48
1338,12
1339,-19
1340,-42
1341,-56
1342,-62
1343,-62
1344,-46
1345,-36
1346,-21
1347,-10
1348,-5
1349,-1
1350,25
1351,69
1352,100
1353,96
1354,64
1355,13
1356,-36
1357,-63
1358,-77
1359,-91
1360,-95
1361,-94
1362,-82
1363,-64
1364,-33
1365,-7
1366,8
1367,13
1368,13
1369,2
1370,-19
1371,-36
1372,-59
1373,-81
1374,-90
1375,-82
1376,-63
1377,-44
1378,-19
1379,-8
1380,-5
1381,-7
1382,-8
1383,-21
1384,-48
1385,-70
1386,-89
1387,-98
1388,-89
1389,-63
1390,-33
1391,-9
1392,17
1393,24
1394,15
1395,-10
1396,-33
1397,-58
1398,-64
1399,-61
1400,-53
1401,-50
1402,-41
1403,-33
1404,-32
1405,-26
1406,-15
1407,1
1408,17
1409,29
1410,30
1411,-3
1412,-66
1413,-143
1414,-189
1415,-191
1416,-135
1417,-63
1418,-14
1419,6
1420,5
1421,-5
1422,-18
1423,-8
1424,14
1425,33
1426,28
1427,1
1428,-45
1429,-93
1430,-107
1431,-113
1432,-106
1433,-86
1434,-56
1435,-14
1436,24
1437,67
1438,92
1439,89
1440,75
1441,65
1442,64
1443,63
1444,53
1445,24
1446,-21
1447,-51
1448,-57
1449,-47
1450,-29
1451,-12
1452,-9
1453,-14
1454,-29
1455,-44
1456,-55
1457,-53
1458,-29
1459,9
1460,50
1461,76
1462,90
1463,74
1464,61
1465,45
1466,34
1467,9
1468,-16
1469,-32
1470,-54
1471,-61
1472,-56
1473,-37
1474,-17
1475,2
1476,23
1477,21
1478,16
1479,7
1480,0
1481,-5
1482,-2
1483,-7
1484,-13
1485,-9
1486,-6
1487,-2
1488,-13
1489,-12
1490,-12
1491,5
1492,19
1493,28
1494,32
1495,30
1496,32
1497,22
1498,10
1499,1
1500,-2
1501,-11
1502,-23
1503,-17
1504,-15
1505,-6
1506,2
1507,29
1508,52
1509,71
1510,81
1511,68
1512,47
1513,19
1514,3
1515,-31
1516,-57
1517,-88
1518,-109
1519,-120
1520,-114
1521,-85
1522,-44
1523,9
1524,64
1525,102
1526,120
1527,118
1528,105
1529,68
1530,26
1531,-15
1532,-53
1533,-84
1534,-89
1535,-71
1536,-42
1537,-6
1538,20
1539,36
1540,47
1541,66
1542,86
1543,81
1544,44
1545,-9
1546,-66
1547,-107
1548,-117
1549,-104
1550,-80
1551,-48
1552,-17
1553,13
1554,34
1555,64
1556,81
1557,77
1558,64
1559,50
1560,30
1561,2
1562,-30
1563,-70
1564,-98
1565,-102
1566,-80
1567,-44
1568,0
1569,60
1570,103
1571,119
1572,96
1573,66
1574,32
1575,14
1576,8
1577,-5
1578,-30
1579,-62
1580,-83
1581,-95
1582,-84
1583,-59
1584,-40
1585,-37
1586,-27
1587,-10
1588,4
1589,12
1590,19
1591,27
1592,31
1593,26
1594,19
1595,-7
1596,-28
1597,-38
1598,-28
1599,-14
1600,8
1601,24
1602,24
1603,30
1604,31
1605,31
1606,20
1607,7
1608,-3
1609,-24
1610,-44
1611,-70
1612,-88
1613,-96
1614,-82
1615,-61
1616,-37
1617,-5
1618,39
1619,85
1620,116
1621,138
1622,131
1623,110
1624,76
1625,48
1626,10
1627,-35
1628,-65
1629,-82
1630,-82
1631,-64
1632,-27
1633,-2
1634,27
1635,57
1636,82
1637,101
1638,93
1639,61
1640,-2
1641,-80
1642,-135
1643,-164
1644,-165
1645,-136
1646,-86
1647,-38
1648,18
1649,74
1650,121
1651,145
1652,146
1653,130
1654,81
1655,36
1656,-2
1657,-29
1658,-40
1659,-49
1660,-43
1661,-44
1662,-24
1663,10
1664,46
1665,80
1666,102
1667,102
1668,66
1669,19
1670,-20
1671,-48
1672,-66
1673,-65
1674,-55
1675,-33
1676,-11
1677,28
1678,58
1679,76
1680,96
1681,88
1682,58
1683,9
1684,-33
1685,-64
1686,-80
1687,-73
1688,-66
1689,-58
1690,-39
1691,-11
1692,22
1693,59
1694,102
1695,124
1696,102
1697,31
1698,-53
1699,-123
1700,-158
1701,-154
1702,-128
1703,-86
1704,-38
1705,8
1706,34
1707,64
1708,96
1709,123
1710,122
1711,90
1712,32
1713,-52
1714,-112
1715,-145
1716,-153
1717,-149
1718,-130
1719,-87
1720,-40
1721,1
1722,31
1723,49
1724,57
1725,51
1726,22
1727,-41
1728,-98
1729,-146
1730,-172
1731,-180
1732,-161
1733,-121
1734,-75
1735,-20
1736,29
1737,63
1738,83
1739,108
1740,112
1741,86
1742,29
1743,-31
1744,-79
1745,-112
1746,-123
1747,-123
1748,-117
1749,-99
1750,-67
1751,-34
1752,-1
1753,52
1754,96
1755,122
1756,112
1757,77
1758,28
1759,-11
1760,-43
1761,-73
1762,-101
1763,-105
1764,-77
1765,-32
1766,22
1767,72
1768,106
1769,123
1770,128
1771,115
1772,76
1773,32
1774,-3
1775,-23
1776,-25
1777,-11
1778,4
1779,7
1780,9
1781,25
1782,50
1783,78
1784,93
1785,91
1786,63
1787,31
1788,1
1789,-23
1790,-54
1791,-70
1792,-69
1793,-58
1794,-41
1795,-27
1796,-14
1797,7
1798,51
1799,84
1800,90
1801,64
1802,25
1803,-9
1804,-32
1805,-23
1806,-11
1807,0
1808,5
1809,11
1810,28
1811,49
1812,80
1813,95
1814,79
1815,33
1816,-15
1817,-63
1818,-85
1819,-74
1820,-53
1821,-31
1822,-12
1823,7
1824,15
1825,31
1826,54
1827,74
1828,71
1829,41
1830,-5
1831,-61
1832,-91
1833,-104
1834,-103
1835,-97
1836,-88
1837,-66
1838,-56
1839,-46
1840,-35
1841,-16
1842,-3
1843,-6
1844,-34
1845,-80
1846,-104
1847,-99
1848,-72
1849,-40
1850,-16
1851,-8
1852,-16
1853,-28
1854,-33
1855,-33
1856,-25
1857,-12
1858,-3
1859,-6
1860,-8
1861,-6
1862,-6
1863,-18
1864,-18
1865,-11
1866,3
1867,7
1868,10
1869,-1
1870,-2
1871,25
1872,36
1873,17
1874,-35
1875,-96
1876,-145
1877,-154
1878,-130
1879,-90
1880,-49
1881,-10
1882,21
1883,37
1884,49
1885,64
1886,82
1887,96
1888,98
1889,84
1890,38
1891,-12
1892,-57
1893,-87
1894,-98
1895,-93
1896,-68
1897,-48
1898,-17
1899,14
1900,43
1901,63
1902,75
1903,91
1904,92
1905,75
1906,33
1907,-18
1908,-57
1909,-56
1910,-34
1911,-20
1912,-5
1913,13
1914,45
1915,79
1916,110
1917,112
1918,93
1919,68
1920,56
1921,45
1922,11
1923,-38
1924,-94
1925,-128
1926,-118
1927,-79
1928,-32
1929,3
1930,27
1931,24
1932,7
1933,-1
1934,3
1935,27
1936,48
1937,80
1938,95
1939,88
1940,62
1941,34
1942,-3
1943,-36
1944,-63
1945,-86
1946,-96
1947,-87
1948,-59
1949,-21
1950,17
1951,39
1952,42
1953,15
1954,-22
1955,-55
1956,-96
1957,-123
1958,-136
1959,-133
1960,-122
1961,-99
1962,-60
1963,-23
1964,9
1965,30
1966,43
1967,38
1968,26
1969,13
1970,-5
1971,-9
1972,9
1973,27
1974,30
1975,38
1976,39
1977,40
1978,38
1979,38
1980,35
1981,34
1982,42
1983,45
1984,54
1985,65
1986,64
1987,47
1988,15
1989,-5
1990,-18
1991,-14
1992,-5
1993,16
1994,29
1995,29
1996,34
1997,33
1998,27
1999,14
2000,2
2001,-16
2002,-33
2003,-32
2004,-22
2005,-5
2006,15
2007,34
2008,32
2009,23
2010,1
2011,-22
2012,-45
2013,-48
2014,-24
2015,3
2016,38
2017,60
2018,73
2019,77
2020,80
2021,89
2022,66
2023,33
2024,-9
2025,-47
2026,-61
2027,-47
2028,-14
2029,9
2030,36
2031,57
2032,75
2033,74
2034,67
2035,55
2036,30
2037,1
2038,-26
2039,-48
2040,-44
2041,-9
2042,36
2043,68
2044,83
2045,89
2046,81
2047,49
2048,20
2049,-12
2050,-36
2051,-44
2052,-39
2053,-16
2054,4
2055,30
2056,34
2057,30
2058,19
2059,13
2060,-2
2061,-19
2062,-31
2063,-49
2064,-70
2065,-84
2066,-76
2067,-61
2068,-42
2069,-23
2070,-11
2071,-1
2072,6
2073,8
2074,-8
2075,-46
2076,-76
2077,-96
2078,-94
2079,-85
2080,-62
2081,-52
2082,-34
2083,-16
2084,-2
2085,-3
2086,-5
2087,3
2088,-1
2089,11
2090,8
2091,-5
2092,-45
2093,-84
2094,-110
2095,-118
2096,-99
2097,-59
2098,-9
2099,26
2100,50
2101,52
2102,51
2103,59
2104,70
2105,67
2106,41
2107,3
2108,-38
2109,-68
2110,-79
2111,-74
2112,-56
2113,-29
2114,17
2115,66
2116,106
2117,138
2118,158
2119,154
2120,113
2121,62
2122,-6
2123,-62
2124,-106
2125,-116
2126,-103
2127,-67
2128,-8
2129,49
2130,96
2131,128
2132,162
2133,169
2134,157
2135,122
2136,72
2137,18
2138,-34
2139,-61
2140,-72
2141,-60
2142,-27
2143,0
2144,8
2145,5
2146,10
2147,12
2148,35
2149,56
2150,66
2151,56
2152,28
2153,-2
2154,-39
2155,-59
2156,-47
2157,-15
2158,10
2159,29
2160,49
2161,54
2162,56
2163,50
2164,45
2165,37
2166,51
2167,50
2168,34
2169,1
2170,-38
2171,-68
2172,-91
2173,-91
2174,-75
2175,-57
2176,-35
2177,-21
2178,-10
2179,-10
2180,2
2181,9
2182,-1
2183,-15
2184,-25
2185,-36
2186,-37
2187,-17
2188,-13
2189,-9
2190,-27
2191,-36
2192,-35
2193,-25
2194,-21
2195,-24
2196,-38
2197,-47
2198,-46
2199,-55
2200,-53
2201,-46
2202,-38
2203,-29
2204,-31
2205,-29
2206,-32
2207,-20
2208,-5
2209,2
2210,11
2211,10
2212,19
2213,19
2214,19
2215,12
2216,-1
2217,-21
2218,-29
2219,-26
2220,-27
2221,-25
2222,20
2223,12
2224,14
2225,15
2226,12
2227,9
2228,9
2229,7
2230,6
2231,9
2232,5
2233,-10
2234,-13
2235,-18
2236,-28
2237,-37
2238,-43
2239,-45
2240,-45
2241,-30
2242,-30
2243,-33
2244,-38
2245,-31
2246,-32
2247,-35
2248,-27
2249,-19
2250,-7
2251,5
2252,18
2253,24
2254,28
2255,31
2256,23
2257,10
2258,2
2259,-5
2260,-21
2261,-25
2262,-28
2263,-26
2264,-27
2265,-26
2266,-15
2267,-21
2268,-32
2269,-47
2270,-52
2271,-49
2272,-36
2273,-21
2274,-20
2275,-14
2276,-10
2277,-14
2278,-23
2279,-25
2280,-31
2281,-30
2282,-26
2283,-22
2284,-18
2285,-26
2286,-27
2287,-32
2288,-46
2289,-51
2290,-42
2291,-22
2292,-5
2293,17
2294,21
2295,20
2296,23
2297,30
2298,44
2299,34
2300,33
2301,20
2302,16
2303,26
2304,39
2305,51
2306,48
2307,39
2308,26
2309,8
2310,-11
2311,-19
2312,-24
2313,-19
2314,1
2315,6
2316,-6
2317,-16
2318,-21
2319,-20
2320,-12
2321,-4
2322,-2
2323,-5
2324,-1
2325,8
2326,8
2327,6
2328,-12
2329,-24
2330,-36
2331,-38
2332,-22
2333,-7
2334,9
2335,15
2336,18
2337,18
2338,24
2339,34
2340,30
2341,29
2342,25
2343,12
2344,-13
2345,-25
2346,-28
2347,-17
2348,-1
2349,19
2350,37
2351,38
2352,39
2353,33
2354,19
2355,8
2356,-2
2357,-12
2358,-41
2359,-58
2360,-81
2361,-83
2362,-60
2363,-23
2364,13
2365,40
2366,62
2367,61
2368,48
2369,24
2370,6
2371,-5
2372,-11
2373,3
2374,10
2375,11
2376,2
2377,-3
2378,-6
2379,4
2380,18
2381,24
2382,28
2383,26
2384,16
2385,-11
2386,-37
2387,-49
2388,-52
2389,-51
2390,-48
2391,-40
2392,-33
2393,-24
2394,-9
2395,-3
2396,0
2397,9
2398,10
2399,5
2400,-9
2401,-21
2402,-23
2403,-20
2404,-6
2405,8
2406,6
2407,6
2408,-3
2409,-10
2410,-35
2411,-51
2412,-62
2413,-71
2414,-66
2415,-47
2416,-24
2417,3
2418,22
2419,16
2420,-3
2421,-19
2422,-26
2423,-25
2424,-24
2425,-16
2426,-27
2427,-44
2428,-52
2429,-45
2430,-29
2431,-18
2432,3
2433,18
2434,27
2435,21
2436,16
2437,-5
2438,-29
2439,-53
2440,-77
2441,-82
2442,-63
2443,-20
2444,21
2445,58
2446,86
2447,97
2448,78
2449,40
2450,0
2451,-52
2452,-76
2453,-86
2454,-79
2455,-62
2456,-45
2457,-9
2458,8
2459,28
2460,44
2461,47
2462,39
2463,34
2464,36
2465,30
2466,15
2467,-4
2468,-33
2469,-64
2470,-79
2471,-78
2472,-57
2473,-16
2474,29
2475,68
2476,98
2477,126
2478,133
2479,119
2480,90
2481,57
2482,20
2483,-26
2484,-52
2485,-72
2486,-76
2487,-59
2488,-36
2489,-7
2490,11
2491,41
2492,69
2493,95
2494,117
2495,118
2496,85
2497,45
2498,10
2499,-20
2500,-42
2501,-63
2502,-78
2503,-86
2504,-84
2505,-58
2506,-28
2507,-1
2508,17
2509,40
2510,35
2511,22
2512,1
2513,-10
2514,-13
2515,-2
2516,20
2517,21
2518,22
2519,17
2520,20
2521,25
2522,37
2523,39
2524,17
2525,-6
2526,-25
2527,-28
2528,-30
2529,-22
2530,-10
2531,3
2532,9
2533,16
2534,23
2535,29
2536,48
2537,58
2538,55
2539,43
2540,34
2541,38
2542,39
2543,55
2544,61
2545,68
2546,72
2547,77
2548,71
2549,45
2550,22
2551,-7
2552,-24
2553,-29
2554,-12
2555,8
2556,32
2557,54
2558,66
2559,65
2560,51
2561,35
2562,12
2563,-11
2564,-19
2565,-29
2566,-35
2567,-47
2568,-47
2569,-59
2570,-75
2571,-73
2572,-68
2573,-53
2574,-39
2575,-11
2576,17
2577,48
2578,66
2579,45
2580,2
2581,-47
2582,-79
2583,-94
2584,-93
2585,-70
2586,-39
2587,-15
2588,1
2589,10
2590,4
2591,-2
2592,0
2593,6
2594,15
2595,23
2596,17
2597,2
2598,-17
2599,-29
2600,-40
2601,-47
2602,-46
2603,-39
2604,-38
2605,-25
2606,-6
2607,11
2608,27
2609,50
2610,56
2611,51
2612,35
2613,34
2614,28
2615,15
2616,-9
2617,-49
2618,-92
2619,-114
2620,-108
2621,-85
2622,-58
2623,-23
2624,-1
2625,10
2626,16
2627,21
2628,28
2629,29
2630,18
2631,-5
2632,-38
2633,-61
2634,-65
2635,-79
2636,-86
2637,-90
2638,-83
2639,-65
2640,-53
2641,-31
2642,-22
2643,-3
2644,18
2645,27
2646,24
2647,-1
2648,-26
2649,-53
2650,-64
2651,-66
2652,-58
2653,-60
2654,-56
2655,-46
2656,-44
2657,-33
2658,-17
2659,-2
2660,3
2661,3
2662,-12
2663,-42
2664,-75
2665,-95
2666,-101
2667,-89
2668,-52
2669,-10
2670,18
2671,23
2672,12
2673,-12
2674,-31
2675,-31
2676,-32
2677,-32
2678,-41
2679,-49
2680,-61
2681,-67
2682,-61
2683,-64
2684,-64
2685,-62
2686,-48
2687,-36
2688,-16
2689,-1
2690,-1
2691,-17
2692,-39
2693,-54
2694,-77
2695,-88
2696,-83
2697,-69
2698,-42
2699,-22
2700,-1
2701,-1
2702,-4
2703,-10
2704,-10
2705,-7
2706,-11
2707,-1
2708,-17
2709,-38
2710,-49
2711,-50
2712,-45
2713,-38
2714,-24
2715,-9
2716,10
2717,29
2718,48
2719,48
2720,50
2721,43
2722,36
2723,30
2724,23
2725,8
2726,-26
2727,-55
2728,-78
2729,-83
2730,-58
2731,-14
2732,26
2733,41
2734,45
2735,20
2736,1
2737,-4
2738,9
2739,22
2740,14
2741,-3
2742,-32
2743,-64
2744,-87
2745,-91
2746,-68
2747,-28
2748,17
2749,34
2750,30
2751,18
2752,21
2753,29
2754,52
2755,67
2756,66
2757,35
2758,-8
2759,-42
2760,-64
2761,-61
2762,-43
2763,-26
2764,-20
2765,-21
2766,-11
2767,-5
2768,20
2769,45
2770,61
2771,61
2772,49
2773,46
2774,36
2775,28
2776,17
2777,-7
2778,-33
2779,-50
2780,-48
2781,-30
2782,-4
2783,23
2784,38
2785,41
2786,40
2787,24
2788,-1
2789,-24
2790,-36
2791,-52
2792,-69
2793,-68
2794,-67
2795,-55
2796,-32
2797,7
2798,46
2799,65
2800,69
2801,44
2802,0
2803,-40
2804,-71
2805,-90
2806,-86
2807,-64
2808,-41
2809,-23
2810,-8
2811,30
2812,69
2813,110
2814,131
2815,123
2816,90
2817,40
2818,-15
2819,-71
2820,-105
2821,-116
2822,-105
2823,-84
2824,-49
2825,1
2826,45
2827,84
2828,110
2829,105
2830,73
2831,16
2832,-29
2833,-66
2834,-66
2835,-43
2836,-16
2837,1
2838,3
2839,14
2840,20
2841,54
2842,86
2843,112
2844,98
2845,73
2846,38
2847,6
2848,-8
2849,-20
2850,-21
2851,-33
2852,-34
2853,-31
2854,-19
2855,4
2856,35
2857,52
2858,46
2859,42
2860,34
2861,24
2862,17
2863,5
2864,-13
2865,-28
2866,-30
2867,-31
2868,-23
2869,-14
2870,5
2871,12
2872,10
2873,18
2874,22
2875,28
2876,25
2877,16
2878,-13
2879,-32
2880,-42
2881,-43
2882,-36
2883,-33
2884,-21
2885,-19
2886,-15
2887,-16
2888,-14
2889,-14
2890,-4
2891,22
2892,32
2893,42
2894,34
2895,31
2896,20
2897,12
2898,8
2899,-5
2900,-16
2901,-17
2902,-19
2903,-24
2904,-26
2905,-23
2906,-20
2907,-10
2908,-2
2909,-1
2910,-5
2911,-10
2912,-23
2913,-29
2914,-30
2915,-19
2916,-9
2917,-9
2918,-14
2919,-30
2920,-40
2921,-37
2922,-11
2923,17
2924,29
2925,37
2926,20
2927,1
2928,-12
2929,-13
2930,1
2931,16
2932,39
2933,46
2934,42
2935,35
2936,36
2937,30
2938,20
2939,12
2940,-2
2941,-21
2942,-33
2943,-30
2944,-29
2945,-18
2946,-2
2947,3
2948,5
2949,-1
2950,6
2951,-1
2952,-1
2953,-10
2954,-16
2955,-30
2956,-42
2957,-46
2958,-48
2959,-39
2960,-19
2961,2
2962,10
2963,23
2964,20
2965,13
2966,3
2967,-3
2968,-10
2969,-18
2970,-14
2971,-12
2972,-22
2973,-31
2974,-38
2975,-46
2976,-63
2977,-73
2978,-75
2979,-70
2980,-55
2981,-40
2982,-27
2983,-22
2984,-11
2985,-6
2986,-12
2987,-14
2988,-12
2989,-6
2990,-1
2991,2
2992,1
2993,-5
2994,-10
2995,-8
2996,-12
2997,-17
2998,-14
2999,-18
3000,-26
3001,-31
3002,-23
3003,-18
3004,-9
3005,1
3006,6
3007,9
3008,2
3009,-1
3010,-7
3011,-9
3012,-4
3013,-12
3014,-22
3015,-25
3016,-18
3017,-8
3018,-10
3019,-14
3020,-25
3021,-29
3022,-23
3023,-6
3024,3
3025,14
3026,28
3027,24
3028,5
3029,-8
3030,-14
3031,-6
3032,16
3033,26
3034,27
3035,10
3036,4
3037,-5
3038,-10
3039,-17
3040,-23
3041,-21
3042,-26
3043,-20
3044,-22
3045,-27
3046,-21
3047,1
3048,34
3049,53
3050,76
3051,77
3052,65
3053,34
3054,9
3055,0
3056,0
3057,16
3058,29
3059,41
3060,48
3061,62
3062,63
3063,59
3064,58
3065,57
3066,52
3067,36
3068,15
3069,-19
3070,-51
3071,-73
3072,-93
3073,-103
3074,-93
3075,-60
3076,-34
3077,-6
3078,9
3079,26
3080,47
3081,75
3082,97
3083,101
3084,93
3085,69
3086,34
3087,-7
3088,-39
3089,-61
3090,-75
3091,-74
3092,-56
3093,-28
3094,-1
3095,36
3096,60
3097,77
3098,76
3099,62
3100,28
3101,-24
3102,-75
3103,-126
3104,-165
3105,-178
3106,-152
3107,-103
3108,-47
3109,6
3110,33
3111,39
3112,37
3113,28
3114,9
3115,-18
3116,-31
3117,-39
3118,-40
3119,-38
3120,-30
3121,-29
3122,-30
3123,-14
3124,13
3125,39
3126,49
3127,48
3128,25
3129,8
3130,-2
3131,-15
3132,-32
3133,-57
3134,-70
3135,-92
3136,-95
3137,-80
3138,-53
3139,-9
3140,43
3141,91
3142,109
3143,96
3144,54
3145,-8
3146,-80
3147,-121
3148,-119
3149,-91
3150,-46
3151,-8
3152,27
3153,51
3154,79
3155,97
3156,109
3157,118
3158,121
3159,108
3160,72
3161,33
3162,-16
3163,-65
3164,-96
3165,-94
3166,-62
3167,-18
3168,38
3169,87
3170,130
3171,163
3172,187
3173,194
3174,170
3175,136
3176,78
3177,28
3178,-11
3179,-31
3180,-39
3181,-43
3182,-25
3183,-6
3184,15
3185,36
3186,55
3187,56
3188,57
3189,53
3190,50
3191,36
3192,22
3193,20
3194,15
3195,19
3196,12
3197,7
3198,-4
3199,-12
3200,-17
3201,-27
3202,-13
3203,9
3204,29
3205,37
3206,39
3207,46
3208,41
3209,32
3210,15
3211,4
3212,-5
3213,-17
3214,-25
3215,-38
3216,-42
3217,-36
3218,-26
3219,-10
3220,17
3221,44
3222,54
3223,46
3224,23
3225,0
3226,-19
3227,-28
3228,-45
3229,-65
3230,-69
3231,-44
3232,-5
3233,32
3234,62
3235,79
3236,86
3237,81
3238,78
3239,64
3240,48
3241,31
3242,9
3243,-12
3244,-29
3245,-27
3246,-15
3247,10
3248,37
3249,50
3250,61
3251,68
3252,84
3253,94
3254,108
3255,120
3256,121
3257,89
3258,42
3259,-10
3260,-68
3261,-103
3262,-113
3263,-98
3264,-65
3265,-11
3266,52
3267,94
3268,107
3269,104
3270,92
3271,74
3272,68
3273,56
3274,29
3275,-9
3276,-49
3277,-82
3278,-89
3279,-66
3280,-26
3281,11
3282,40
3283,68
3284,101
3285,121
3286,137
3287,122
3288,86
3289,56
3290,41
3291,32
3292,22
3293,17
3294,-1
3295,-15
3296,-28
3297,-43
3298,-48
3299,-58
3300,-42
3301,-17
3302,10
3303,27
3304,29
3305,15
3306,-5
3307,-12
3308,-8
3309,3
3310,14
3311,22
3312,11
3313,-3
3314,-12
3315,-19
3316,-32
3317,-33
3318,-7
3319,21
3320,58
3321,86
3322,90
3323,72
3324,45
3325,28
3326,3
3327,-13
3328,-28
3329,-40
3330,-53
3331,-55
3332,-45
3333,-48
3334,-40
3335,-17
3336,20
3337,46
3338,63
3339,64
3340,43
3341,11
3342,-26
3343,-49
3344,-59
3345,-35
3346,-12
3347,-2
3348,-2
3349,-10
3350,-25
3351,-35
3352,-32
3353,-31
3354,-29
3355,-22
3356,-13
3357,-1
3358,0
3359,-3
3360,-9
3361,-10
3362,2
3363,29
3364,30
3365,6
3366,-22
3367,-55
3368,-76
3369,-74
3370,-53
3371,-38
3372,-17
3373,-3
3374,-1
3375,-1
3376,-6
3377,-5
3378,-11
3379,-7
3380,-1
3381,-5
3382,-24
3383,-50
3384,-54
3385,-49
3386,-19
3387,8
3388,26
3389,17
3390,-6
3391,-19
3392,-40
3393,-51
3394,-56
3395,-55
3396,-46
3397,-37
3398,-22
3399,-25
3400,-22
3401,-11
3402,13
3403,43
3404,71
3405,71
3406,46
3407,10
3408,-31
3409,-64
3410,-87
3411,-72
3412,-45
3413,-15
3414,0
3415,6
3416,3
3417,-1
3418,-7
3419,-30
3420,-60
3421,-80
3422,-76
3423,-56
3424,-21
3425,22
3426,57
3427,69
3428,61
3429,53
3430,40
3431,27
3432,19
3433,-3
3434,-28
3435,-52
3436,-57
3437,-54
3438,-43
3439,-33
3440,-28
3441,-26
3442,-20
3443,-5
3444,4
3445,17
3446,36
3447,38
3448,30
3449,12
3450,1
3451,-34
3452,-63
3453,-78
3454,-76
3455,-58
3456,-38
3457,-6
3458,16
3459,35
3460,37
3461,27
3462,0
3463,-24
3464,-49
3465,-66
3466,-73
3467,-76
3468,-79
3469,-92
3470,-90
3471,-81
3472,-65
3473,-51
3474,-33
3475,-26
3476,-32
3477,-36
3478,-50
3479,-58
3480,-63
3481,-66
3482,-71
3483,-82
3484,-72
3485,-52
3486,-19
3487,17
3488,58
3489,87
3490,102
3491,97
3492,66
3493,21
3494,-29
3495,-58
3496,-76
3497,-73
3498,-55
3499,-32
3500,-19
3501,-10
3502,-3
3503,-7
3504,-5
3505,-1
3506,0
3507,-7
3508,-13
3509,-5
3510,-16
3511,-32
3512,-56
3513,-68
3514,-70
3515,-59
3516,-43
3517,-38
3518,-43
3519,-48
3520,-65
3521,-85
3522,-100
3523,-108
3524,-110
3525,-110
3526,-104
3527,-106
3528,-114
3529,-117
3530,-119
3531,-118
3532,-104
3533,-76
3534,-44
3535,-34
3536,-40
3537,-67
3538,-102
3539,-130
3540,-138
3541,-137
3542,-146
3543,-150
3544,-166
3545,-173
3546,-162
3547,-137
3548,-115
3549,-106
3550,-95
3551,-92
3552,-88
3553,-80
3554,-67
3555,-62
3556,-56
3557,-41
3558,-26
3559,-12
3560,-7
3561,-6
3562,-19
3563,-34
3564,-44
3565,-56
3566,-54
3567,-48
3568,-35
3569,-44
3570,-58
3571,-64
3572,-51
3573,-36
3574,-20
3575,-15
3576,-17
3577,-4
3578,18
3579,38
3580,37
3581,26
3582,14
3583,1
3584,4
3585,9
3586,18
3587,11
3588,5
3589,7
3590,3
3591,11
3592,22
3593,36
3594,48
3595,74
3596,87
3597,88
3598,70
3599,48
3600,25
3601,-4
3602,-14
3603,-28
3604,-35
3605,-31
3606,-14
3607,2
3608,6
3609,8
3610,1
3611,1
3612,4
3613,9
3614,5
3615,-1
3616,-11
3617,-45
3618,-77
3619,-96
3620,-76
3621,-43
3622,-8
3623,20
3624,35
3625,49
3626,71
3627,100
3628,105
3629,109
3630,106
3631,97
3632,83
3633,68
3634,57
3635,14
3636,-26
3637,-64
3638,-77
3639,-74
3640,-48
3641,-1
3642,49
3643,95
3644,131
3645,148
3646,140
3647,122
3648,89
3649,36
3650,-8
3651,-35
3652,-36
3653,-30
3654,-3
3655,21
3656,42
3657,55
3658,65
3659,75
3660,90
3661,115
3662,126
3663,119
3664,103
3665,82
3666,62
3667,38
3668,24
3669,0
3670,-23
3671,-36
3672,-22
3673,3
3674,25
3675,34
3676,18
3677,-16
3678,-43
3679,-49
3680,-40
3681,-11
3682,24
3683,51
3684,65
3685,59
3686,48
3687,22
3688,2
3689,-14
3690,-24
3691,-31
3692,-34
3693,-24
3694,-22
3695,-9
3696,-7
3697,3
3698,7
3699,13
3700,23
3701,21
3702,22
3703,15
3704,-9
3705,-32
3706,-48
3707,-45
3708,-37
3709,-16
3710,19
3711,61
3712,90
3713,107
3714,100
3715,70
3716,41
3717,24
3718,23
3719,28
3720,42
3721,51
3722,53
3723,49
3724,44
3725,34
3726,21
3727,23
3728,19
3729,9
3730,-1
3731,-8
3732,-15
3733,-20
3734,-19
3735,-10
3736,-13
3737,-8
3738,-2
3739,8
3740,20
3741,37
3742,35
3743,18
3744,-10
3745,-20
3746,-21
3747,-9
3748,4
3749,14
3750,17
3751,22
3752,38
3753,37
3754,37
3755,29
3756,9
3757,-12
3758,-31
3759,-39
3760,-47
3761,-57
3762,-64
3763,-69
3764,-70
3765,-54
3766,-25
3767,-5
3768,16
3769,26
3770,26
3771,10
3772,1
3773,-22
3774,-41
3775,-54
3776,-49
3777,-33
3778,-26
3779,-15
3780,-14
3781,-13
3782,-7
3783,3
3784,2
3785,-20
3786,-49
3787,-87
3788,-98
3789,-80
3790,-43
3791,-8
3792,12
3793,30
3794,33
3795,28
3796,21
3797,11
3798,1
3799,-11
3800,-16
3801,-19
3802,-26
3803,-28
3804,-15
3805,-3
3806,14
3807,20
3808,14
3809,6
3810,6
3811,17
3812,20
3813,21
3814,18
3815,6
3816,-9
3817,-31
3818,-30
3819,-36
3820,-26
3821,-10
3822,4
3823,8
3824,9
3825,4
3826,0
3827,1
3828,15
3829,18
3830,-1
3831,-18
3832,-22
3833,-24
3834,-19
3835,-22
3836,-41
3837,-66
3838,-72
3839,-63
3840,-44
3841,-7
3842,33
3843,75
3844,101
3845,117
3846,105
3847,76
3848,49
3849,37
3850,25
3851,10
3852,8
3853,0
3854,-5
3855,1
3856,3
3857,26
3858,39
3859,60
3860,71
3861,70
3862,54
3863,35
3864,14
3865,-2
3866,-5
3867,-1
3868,8
3869,20
3870,34
3871,41
3872,50
3873,66
3874,74
3875,66
3876,41
3877,15
3878,-4
3879,-5
3880,9
3881,27
3882,40
3883,49
3884,52
3885,39
3886,28
3887,25
3888,23
3889,15
3890,3
3891,-5
3892,-17
3893,-17
3894,-4
3895,9
3896,21
3897,29
3898,41
3899,60
3900,76
3901,94
3902,95
3903,73
3904,43
3905,0
3906,-34
3907,-54
3908,-51
3909,-42
3910,-29
3911,-8
3912,6
3913,14
3914,31
3915,46
3916,54
3917,33
3918,6
3919,-22
3920,-38
3921,-39
3922,-27
3923,-31
3924,-36
3925,-39
3926,-46
3927,-48
3928,-36
3929,1
3930,51
3931,84
3932,108
3933,105
3934,82
3935,59
3936,40
3937,9
3938,-24
3939,-54
3940,-73
3941,-65
3942,-35
3943,2
3944,24
3945,36
3946,34
3947,33
3948,29
3949,33
3950,48
3951,53
3952,62
3953,56
3954,33
3955,-3
3956,-26
3957,-30
3958,-25
3959,-3
3960,14
3961,26
3962,25
3963,30
3964,34
3965,39
3966,43
3967,47
3968,32
3969,4
3970,-23
3971,-45
3972,-67
3973,-81
3974,-83
3975,-72
3976,-64
3977,-46
3978,-47
3979,-55
3980,-47
3981,-20
3982,18
3983,54
3984,79
3985,87
3986,82
3987,70
3988,56
3989,11
3990,-43
3991,-89
3992,-108
3993,-104
3994,-88
3995,-63
3996,-44
3997,-14
3998,23
3999,59
4000,93
4001,119
4002,130
4003,96
4004,53
4005,1
4006,-45
4007,-92
4008,-130
4009,-143
4010,-140
4011,-111
4012,-71
4013,-30
4014,-8
4015,13
4016,30
4017,38
4018,46
4019,43
4020,29
4021,0
4022,-22
4023,-35
4024,-54
4025,-73
4026,-88
4027,-95
4028,-98
4029,-78
4030,-64
4031,-53
4032,-39
4033,-21
4034,2
4035,4
4036,18
4037,25
4038,31
4039,30
4040,20
4041,-1
4042,-22
4043,-17
4044,0
4045,24
4046,37
4047,36
4048,20
4049,-9
4050,-40
4051,-71
4052,-87
4053,-81
4054,-56
4055,-30
4056,-13
4057,-7
4058,-9
4059,-10
4060,9
4061,36
4062,55
4063,51
4064,30
4065,-2
4066,-46
4067,-87
4068,-111
4069,-121
4070,-96
4071,-58
4072,-25
4073,-18
4074,-24
4075,-26
4076,-24
4077,-10
4078,6
4079,-2
4080,-34
4081,-53
4082,-61
4083,-53
4084,-44
4085,-28
4086,-28
4087,-32
4088,-26
4089,-21
4090,-17
4091,-23
4092,-36
4093,-43
4094,-44
4095,9
